=== アジ H=7 売り物評価 ===

【数予測 cnt_avg】
船宿                 wMAPE    BL2      r       釣良F1     Prec    n
----------------------------------------------------------------------
須原屋                18.9     23.5     0.736   0.123    0.667   245
船宿 まる八             22.7     25.3     0.58    0.416    0.678   582
恒丸                 22.9     32.2     0.526   0.464    0.65    122
渡辺釣船店              26.7     29.8     0.409   0.254    0.68    399
かめだや               27.0     30.5     0.403   0.433    0.476   483
吉久                 27.8     32.2     0.439   0.517    0.714   99
長崎屋                28.3     32.7     0.517   0.606    0.72    342
山下丸                29.9     31.1     0.259   0.344    0.512   254
光進丸                31.4     34.7     0.552   0.622    0.658   655
あまさけや丸             31.7     38.3     0.48    0.483    0.636   54
巳之助丸               31.8     35.7     0.331   0.118    0.2     52
勘次郎丸               31.8     34.7     0.555   0.671    0.633   485
こなや丸               32.7     39.6     0.593   0.681    0.622   385
平安丸                32.9     35.7     0.432   0.667    0.68    71
林遊船                34.6     43.9     0.618   0.693    0.717   413
村井丸                36.9     38.9     0.458   0.375    0.536   208
釣船 五郎丸             38.3     43.0     0.353   0.533    0.652   718
野毛屋釣船店             38.8     44.8     0.453   0.58     0.566   256
秀丸                 39.8     40.0     0.161   0.667    0.786   26
庄治郎丸               40.9     41.2     0.133   0.278    0.579   161
石田丸                42.3     55.3     0.593   0.624    0.636   227
ちがさき丸              47.4     54.2     0.269   0.583    0.583   133
さえむ丸               48.3     51.3     0.487   0.716    0.75    91
鶴丸                 50.2     89.3     0.636   0.727    0.8     30
第八幸松丸              68.0     72.2     0.497   0.3      0.429   27
なごみ丸               75.4     89.6     0.899   0.5      0.333   17

中央値: 32.9%  平均: 36.8%  最良: 18.9%  最悪: 75.4%

【型予測 size_avg】
船宿                 wMAPE    BL2      r       n
-------------------------------------------------------
須原屋                0.2      0.0      0.0     101
渡辺釣船店              3.1      2.3      0.019   399
山下丸                3.9      3.7      0.118   254
恒丸                 4.3      3.8      0.026   122
勘次郎丸               5.1      4.8      0.477   484
巳之助丸               5.2      5.0      0.083   52
釣船 五郎丸             5.2      5.3      0.159   718
平安丸                6.0      5.8      0.054   71
船宿 まる八             6.4      4.2      0.151   582
吉久                 6.6      6.0      0.047   99
かめだや               6.9      5.9      0.026   465
光進丸                6.9      4.7      0.171   655
長崎屋                6.9      5.8      0.196   340
なごみ丸               7.0      3.5      -0.524  10
庄治郎丸               7.1      6.7      0.071   155
村井丸                7.5      8.1      0.027   208
ちがさき丸              9.1      8.8      -0.001  133
こなや丸               9.2      9.0      0.178   377
林遊船                9.3      8.9      0.101   413
野毛屋釣船店             9.8      8.7      0.29    255
第八幸松丸              11.8     13.2     0.433   26
あまさけや丸             12.7     12.8     0.092   52
石田丸                12.8     11.7     0.36    226
秀丸                 14.9     11.9     0.0     9
さえむ丸               17.0     11.3     0.293   91

中央値: 6.9%  平均: 7.8%  最良: 0.2%  最悪: 17.0%
